La 0
S 3 1.00
5.0873990 -0.4172430
4.2709780 0.8860100
1.9154580 -1.4197520
S 1 1.00
0.5255960 1.0
S 1 1.00
0.2634740 1.0
S 1 1.00
0.0488200 1.0
S 1 1.00
0.0228360 1.0
P 3 1.00
3.0251610 0.5381960
2.3820950 -0.9816400
0.5844260 1.2395900
P 1 1.00
0.2603600 1.0
P 1 1.00
0.0833340 1.0
P 1 1.00
0.0302750 1.0
D 3 1.00
1.5768240 -0.0969440
0.5923900 0.4074660
0.2495000 0.7043630
D 1 1.00
0.1065130 1.0
D 1 1.00
0.0458310 1.0
****

Ce 0
S 3 1.00
5.3207740 -0.5230040
4.6709550 0.9355940
1.9759430 -1.3647220
S 1 1.00
0.5361800 1.0
S 1 1.00
0.2660260 1.0
S 1 1.00
0.0502250 1.0
S 1 1.00
0.0233910 1.0
P 3 1.00
3.3159820 0.4161290
2.4949510 -0.8426520
0.6061500 1.2268410
P 1 1.00
0.2689890 1.0
P 1 1.00
0.0844310 1.0
P 1 1.00
0.0307210 1.0
D 3 1.00
1.7142040 -0.0902700
0.6334100 0.3956990
0.2658420 0.7119330
D 1 1.00
0.1108890 1.0
D 1 1.00
0.0452040 1.0
****

Pr 0
S 3 1.00
5.7618400 -0.3811710
4.9586060 0.7570640
2.0454970 -1.3287800
S 1 1.00
0.5501850 1.0
S 1 1.00
0.2692690 1.0
S 1 1.00
0.0514330 1.0
S 1 1.00
0.0235520 1.0
P 3 1.00
3.6574480 0.2810390
2.5678100 -0.6744020
0.6184100 1.2061070
P 1 1.00
0.2702560 1.0
P 1 1.00
0.0866320 1.0
P 1 1.00
0.0312240 1.0
D 3 1.00
1.9856860 -0.0721460
0.6312680 0.4076520
0.2714320 0.6864700
D 1 1.00
0.1145450 1.0
D 1 1.00
0.0461390 1.0
****

Nd 0
S 3 1.00
6.3756540 -0.2741410
5.3336790 0.6097930
2.1063180 -1.2893410
S 1 1.00
0.5629550 1.0
S 1 1.00
0.2717970 1.0
S 1 1.00
0.0525490 1.0
S 1 1.00
0.0237240 1.0
P 3 1.00
4.0781400 0.1944970
2.6446870 -0.5609420
0.6313740 1.1888350
P 1 1.00
0.2719390 1.0
P 1 1.00
0.0865770 1.0
P 1 1.00
0.0313660 1.0
D 3 1.00
2.1676280 -0.0650170
0.6525840 0.4124330
0.2808510 0.6781870
D 1 1.00
0.1184670 1.0
D 1 1.00
0.0473600 1.0
****

Pm 0
S 3 1.00
6.6556870 -0.2060190
5.2512550 0.6161820
2.3089100 -1.3614970
S 1 1.00
0.5772830 1.0
S 1 1.00
0.2863380 1.0
S 1 1.00
0.0542950 1.0
S 1 1.00
0.0252260 1.0
P 3 1.00
4.0951850 0.2705620
2.7824550 -0.7091060
0.7015670 1.2315260
P 1 1.00
0.3078820 1.0
P 1 1.00
0.0989510 1.0
P 1 1.00
0.0337720 1.0
D 3 1.00
2.3150140 -0.0666320
0.7176120 0.3827900
0.3189680 0.7019770
D 1 1.00
0.1304350 1.0
D 1 1.00
0.0498510 1.0
****

Sm 0
S 3 1.00
6.4775880 -0.5633230
5.7918130 0.9614960
2.4125840 -1.3494810
S 1 1.00
0.6066010 1.0
S 1 1.00
0.3008320 1.0
S 1 1.00
0.0552020 1.0
S 1 1.00
0.0257310 1.0
P 3 1.00
4.0260920 0.4059920
3.0452630 -0.8224910
0.7205670 1.2155450
P 1 1.00
0.3130210 1.0
P 1 1.00
0.0973100 1.0
P 1 1.00
0.0337980 1.0
D 3 1.00
2.1761920 -0.0762840
0.7786210 0.3855320
0.3239100 0.7156870
D 1 1.00
0.1319240 1.0
D 1 1.00
0.0513220 1.0
****

Eu 0
S 3 1.00
7.3630060 -0.1893070
5.9733800 0.5419950
2.4925720 -1.3058000
S 1 1.00
0.6217810 1.0
S 1 1.00
0.3050070 1.0
S 1 1.00
0.0574440 1.0
S 1 1.00
0.0266960 1.0
P 3 1.00
4.8447810 0.1552890
2.9809270 -0.5288870
0.7304400 1.1922280
P 1 1.00
0.3107740 1.0
P 1 1.00
0.0962860 1.0
P 1 1.00
0.0337530 1.0
D 3 1.00
2.5346930 -0.0582970
0.7843880 0.3814980
0.3320980 0.7067250
D 1 1.00
0.1307590 1.0
D 1 1.00
0.0493900 1.0
****

Gd 0
S 3 1.00
7.9250430 -0.1522640
6.2717590 0.4939230
2.5909130 -1.2945530
S 1 1.00
0.6425090 1.0
S 1 1.00
0.3128260 1.0
S 1 1.00
0.0584800 1.0
S 1 1.00
0.0269240 1.0
P 3 1.00
5.2050550 0.1141430
3.1110210 -0.4426100
0.7437650 1.1665320
P 1 1.00
0.3127020 1.0
P 1 1.00
0.0943750 1.0
P 1 1.00
0.0336140 1.0
D 3 1.00
2.5342090 -0.0394870
0.8067320 0.3908310
0.3203550 0.7016280
D 1 1.00
0.1242070 1.0
D 1 1.00
0.0480910 1.0
****

Tb 0
S 3 1.00
7.7447900 -0.2690350
6.7188320 0.6071530
2.7444700 -1.2912950
S 1 1.00
0.6551160 1.0
S 1 1.00
0.3225940 1.0
S 1 1.00
0.0598710 1.0
S 1 1.00
0.0278300 1.0
P 3 1.00
4.8538560 0.2091380
3.4071410 -0.5624610
0.8065500 1.1805410
P 1 1.00
0.3469710 1.0
P 1 1.00
0.1103260 1.0
P 1 1.00
0.0364430 1.0
D 3 1.00
2.5170570 -0.0528310
0.9211490 0.3620900
0.3716970 0.7321190
D 1 1.00
0.1421020 1.0
D 1 1.00
0.0526750 1.0
****

Dy 0
S 3 1.00
8.1666040 -0.1830850
6.9965640 0.5036210
2.8755810 -1.2746680
S 1 1.00
0.6701550 1.0
S 1 1.00
0.3296070 1.0
S 1 1.00
0.0612750 1.0
S 1 1.00
0.0283730 1.0
P 3 1.00
5.0758190 0.1903670
3.5798560 -0.5195250
0.8283120 1.1659400
P 1 1.00
0.3543310 1.0
P 1 1.00
0.1118020 1.0
P 1 1.00
0.0369220 1.0
D 3 1.00
2.6862070 -0.0445360
0.9417170 0.3661370
0.3761960 0.7259740
D 1 1.00
0.1423620 1.0
D 1 1.00
0.0525610 1.0
****

Ho 0
S 3 1.00
8.6046220 -0.0542780
7.3024240 0.2067020
2.9867140 -0.6503610
S 1 1.00
0.6929680 1.0
S 1 1.00
0.3401070 1.0
S 1 1.00
0.0623810 1.0
S 1 1.00
0.0288640 1.0
P 3 1.00
5.2440490 0.0914720
3.7793760 -0.2429990
0.8481590 0.5756010
P 1 1.00
0.3599350 1.0
P 1 1.00
0.1116140 1.0
P 1 1.00
0.0371750 1.0
D 3 1.00
2.8076940 -0.0235170
0.9759740 0.1974920
0.3873820 0.3871170
D 1 1.00
0.1459010 1.0
D 1 1.00
0.0535640 1.0
****

Er 0
S 3 1.00
8.8741020 -0.0955660
7.7913550 0.3629770
3.1088280 -1.2242900
S 1 1.00
0.7165830 1.0
S 1 1.00
0.3515340 1.0
S 1 1.00
0.0640050 1.0
S 1 1.00
0.0296700 1.0
P 3 1.00
5.3188810 0.2106490
4.0581530 -0.4865380
0.8665030 1.1340010
P 1 1.00
0.3664040 1.0
P 1 1.00
0.1132940 1.0
P 1 1.00
0.0376620 1.0
D 3 1.00
2.9808400 -0.0444210
1.0027250 0.3727960
0.3939450 0.7216170
D 1 1.00
0.1467540 1.0
D 1 1.00
0.0535730 1.0
****

Tm 0
S 3 1.00
10.1102820 0.0412090
7.7573890 0.2012710
3.2449990 -1.2003630
S 1 1.00
0.6856750 1.0
S 1 1.00
0.3288370 1.0
S 1 1.00
0.0678000 1.0
S 1 1.00
0.0305530 1.0
P 3 1.00
5.9301030 0.1122930
4.0697330 -0.3712160
0.8863560 1.1247520
P 1 1.00
0.3688340 1.0
P 1 1.00
0.1115050 1.0
P 1 1.00
0.0375910 1.0
D 3 1.00
3.1247780 -0.0354800
1.0554300 0.3703340
0.4167320 0.7200060
D 1 1.00
0.1559120 1.0
D 1 1.00
0.0563480 1.0
****

Yb 0
S 3 1.00
9.9382360 0.0315380
8.5425120 0.1884690
3.3553710 -1.1796280
S 1 1.00
0.7590430 1.0
S 1 1.00
0.3703370 1.0
S 1 1.00
0.0680410 1.0
S 1 1.00
0.0315090 1.0
P 3 1.00
6.4980280 0.0670820
4.1510660 -0.2974090
0.8966930 1.1092210
P 1 1.00
0.3653190 1.0
P 1 1.00
0.1085050 1.0
P 1 1.00
0.0371930 1.0
D 3 1.00
3.4756140 -0.0343270
1.0163760 0.4037150
0.3978580 0.6892810
D 1 1.00
0.1544610 1.0
D 1 1.00
0.0571010 1.0
****

Lu 0
S 3 1.00
11.0076270 -0.1060960
8.7417270 0.4203780
3.4548700 -1.2642780
S 1 1.00
0.7788700 1.0
S 1 1.00
0.3774760 1.0
S 1 1.00
0.0694680 1.0
S 1 1.00
0.0320130 1.0
P 3 1.00
6.6315990 0.0839230
4.4244130 -0.3114740
0.9152530 1.1051170
P 1 1.00
0.3708430 1.0
P 1 1.00
0.1090440 1.0
P 1 1.00
0.0375020 1.0
D 3 1.00
3.6652160 -0.0496110
1.0760710 0.3772170
0.4089880 0.7214750
D 1 1.00
0.1477060 1.0
D 1 1.00
0.0530930 1.0
****



