La 0
S 5 1.00
60228.6130000 0.000003
7142.4190000 0.000035
1034.3051000 0.000329
563.4427000 -0.000106
123.5532000 0.003280
S 1 1.00
34.5544000 1.0
S 1 1.00
24.6330000 1.0
S 1 1.00
11.2660000 1.0
S 1 1.00
2.9062000 1.0
S 1 1.00
1.5433000 1.0
S 1 1.00
0.5672000 1.0
S 1 1.00
0.2539000 1.0
S 1 1.00
0.0467000 1.0
S 1 1.00
0.0200000 1.0
P 6 1.00
3966.3547000 0.000004
1143.9280000 0.000033
446.9977000 0.000034
229.5466000 0.000362
27.3267000 -0.007136
19.4864000 0.206654
P 1 1.00
13.9024000 1.0
P 1 1.00
4.2361000 1.0
P 1 1.00
2.2936000 1.0
P 1 1.00
1.1258000 1.0
P 1 1.00
0.5279000 1.0
P 1 1.00
0.2292000 1.0
P 1 1.00
0.0800000 1.0
D 6 1.00
367.7157000 0.000074
113.5768000 0.000612
33.5588000 0.007687
14.4198000 -0.076510
7.3159000 0.151754
3.9483000 0.421873
D 1 1.00
2.0150000 1.0
D 1 1.00
0.9581000 1.0
D 1 1.00
0.3109000 1.0
D 1 1.00
0.0954000 1.0
F 5 1.00
124.7971000 0.001150
43.9427000 0.014333
19.2668000 0.062594
8.4893000 0.164000
3.7672000 0.285863
F 1 1.00
1.5902000 1.0
F 1 1.00
0.6098000 1.0
F 1 1.00
0.1973000 1.0
G 4 1.00
19.2668000 -0.002118
8.4893000 0.026709
3.7672000 -0.029667
1.5902000 0.282785
G 1 1.00
0.6098000 1.0
G 1 1.00
0.1973000 1.0
****

Ce 0
S 5 1.00
66920.6810000 0.000005
7142.4190000 0.000062
1149.2279000 0.000408
626.0474000 0.000080
137.2813000 0.003559
S 1 1.00
36.6434000 1.0
S 1 1.00
25.9742000 1.0
S 1 1.00
11.8859000 1.0
S 1 1.00
3.0284000 1.0
S 1 1.00
1.5664000 1.0
S 1 1.00
0.5937000 1.0
S 1 1.00
0.2630000 1.0
S 1 1.00
0.0490000 1.0
S 1 1.00
0.0207000 1.0
P 6 1.00
3813.8026000 0.000005
1216.9447000 0.000051
496.6641000 0.000053
212.5431000 0.000671
27.6306000 0.008805
19.6040000 0.150861
P 1 1.00
13.8918000 1.0
P 1 1.00
4.4389000 1.0
P 1 1.00
2.3374000 1.0
P 1 1.00
1.1067000 1.0
P 1 1.00
0.5287000 1.0
P 1 1.00
0.2305000 1.0
P 1 1.00
0.0800000 1.0
D 6 1.00
367.7157000 0.000120
109.8798000 0.000991
36.0211000 0.007778
14.7637000 -0.062958
7.3281000 0.180342
3.9441000 0.432529
D 1 1.00
2.0202000 1.0
D 1 1.00
0.9649000 1.0
D 1 1.00
0.3273000 1.0
D 1 1.00
0.1032000 1.0
F 5 1.00
123.4821000 0.001566
43.9881000 0.018101
19.4518000 0.076157
8.6013000 0.192683
3.8049000 0.324332
F 1 1.00
1.6176000 1.0
F 1 1.00
0.6364000 1.0
F 1 1.00
0.2164000 1.0
G 4 1.00
19.4518000 0.002199
8.6013000 0.037428
3.8049000 0.030378
1.6176000 0.355664
G 1 1.00
0.6364000 1.0
G 1 1.00
0.2164000 1.0
****

Pr 0
S 5 1.00
66920.6810000 0.000008
10906.6250000 0.000050
2635.4147000 0.000243
713.9051000 0.000876
140.0139000 0.004176
S 1 1.00
38.1280000 1.0
S 1 1.00
26.9855000 1.0
S 1 1.00
12.4959000 1.0
S 1 1.00
3.1878000 1.0
S 1 1.00
1.6451000 1.0
S 1 1.00
0.6185000 1.0
S 1 1.00
0.2731000 1.0
S 1 1.00
0.0506000 1.0
S 1 1.00
0.0212000 1.0
P 6 1.00
3932.0567000 0.000011
1373.4397000 0.000027
647.6748000 0.000160
186.8992000 0.001158
27.6306000 0.025210
19.6040000 0.101136
P 1 1.00
13.9224000 1.0
P 1 1.00
4.7240000 1.0
P 1 1.00
2.4648000 1.0
P 1 1.00
1.1588000 1.0
P 1 1.00
0.5460000 1.0
P 1 1.00
0.2359000 1.0
P 1 1.00
0.0800000 1.0
D 6 1.00
355.9615000 0.000193
107.1414000 0.001545
37.5562000 0.009004
15.0859000 -0.047296
7.3832000 0.202337
3.9795000 0.435374
D 1 1.00
2.0469000 1.0
D 1 1.00
0.9794000 1.0
D 1 1.00
0.3296000 1.0
D 1 1.00
0.1026000 1.0
F 5 1.00
124.5083000 0.001885
44.5837000 0.020949
19.8731000 0.085208
8.9102000 0.205312
3.9977000 0.333403
F 1 1.00
1.7285000 1.0
F 1 1.00
0.6936000 1.0
F 1 1.00
0.2418000 1.0
G 4 1.00
19.8731000 0.005838
8.9102000 0.043248
3.9977000 0.072269
1.7285000 0.347834
G 1 1.00
0.6936000 1.0
G 1 1.00
0.2418000 1.0
****

Nd 0
S 5 1.00
67945.5900000 0.000015
9404.4083000 0.000125
2084.3177000 0.000610
586.9895000 0.001773
142.9406000 0.005392
S 1 1.00
39.6722000 1.0
S 1 1.00
28.0878000 1.0
S 1 1.00
13.0569000 1.0
S 1 1.00
3.3514000 1.0
S 1 1.00
1.7247000 1.0
S 1 1.00
0.6427000 1.0
S 1 1.00
0.2828000 1.0
S 1 1.00
0.0519000 1.0
S 1 1.00
0.0217000 1.0
P 6 1.00
4017.4813000 0.000016
1360.6192000 0.000063
507.1508000 0.000363
159.6952000 0.001969
27.6306000 0.042440
19.6040000 0.045953
P 1 1.00
13.9096000 1.0
P 1 1.00
4.9395000 1.0
P 1 1.00
2.5449000 1.0
P 1 1.00
1.1810000 1.0
P 1 1.00
0.5552000 1.0
P 1 1.00
0.2395000 1.0
P 1 1.00
0.0800000 1.0
D 6 1.00
350.9612000 0.000282
105.9621000 0.002222
38.4704000 0.011016
15.4826000 -0.031804
7.4260000 0.223994
3.9996000 0.436874
D 1 1.00
2.0642000 1.0
D 1 1.00
0.9898000 1.0
D 1 1.00
0.3370000 1.0
D 1 1.00
0.1051000 1.0
F 5 1.00
126.0845000 0.002172
45.1679000 0.023585
20.1700000 0.094142
9.0999000 0.217456
4.1085000 0.339612
F 1 1.00
1.7914000 1.0
F 1 1.00
0.7258000 1.0
F 1 1.00
0.2562000 1.0
G 4 1.00
20.1700000 0.010358
9.0999000 0.058619
4.1085000 0.114435
1.7914000 0.411489
G 1 1.00
0.7258000 1.0
G 1 1.00
0.2562000 1.0
****

Pm 0
S 5 1.00
69642.7150000 0.000029
10512.9760000 0.000217
2302.5578000 0.001136
604.1762000 0.003688
155.7623000 0.007763
S 1 1.00
43.0852000 1.0
S 1 1.00
27.8744000 1.0
S 1 1.00
13.7395000 1.0
S 1 1.00
3.4869000 1.0
S 1 1.00
1.7860000 1.0
S 1 1.00
0.6659000 1.0
S 1 1.00
0.2919000 1.0
S 1 1.00
0.0530000 1.0
S 1 1.00
0.0221000 1.0
P 6 1.00
4008.9171000 0.000021
1250.0432000 0.000103
457.0766000 0.000535
151.2780000 0.002551
28.1906000 0.052730
20.0127000 0.014725
P 1 1.00
14.2233000 1.0
P 1 1.00
5.1620000 1.0
P 1 1.00
2.6424000 1.0
P 1 1.00
1.2172000 1.0
P 1 1.00
0.5691000 1.0
P 1 1.00
0.2444000 1.0
P 1 1.00
0.0800000 1.0
D 6 1.00
341.8060000 0.000435
102.9418000 0.003420
38.2234000 0.014991
16.1246000 -0.011413
7.4243000 0.242763
4.0177000 0.431309
D 1 1.00
2.0884000 1.0
D 1 1.00
1.0041000 1.0
D 1 1.00
0.3437000 1.0
D 1 1.00
0.1072000 1.0
F 5 1.00
126.6516000 0.002610
45.6672000 0.027331
20.4949000 0.102934
9.3103000 0.227274
4.2351000 0.343131
F 1 1.00
1.8604000 1.0
F 1 1.00
0.7585000 1.0
F 1 1.00
0.2692000 1.0
G 4 1.00
20.4949000 0.011951
9.3103000 0.056173
4.2351000 0.118380
1.8604000 0.339065
G 1 1.00
0.7585000 1.0
G 1 1.00
0.2692000 1.0
****

Sm 0
S 5 1.00
70078.1710000 0.000097
10598.3840000 0.000730
2413.8660000 0.003523
677.4031000 0.010873
208.5073000 0.017824
S 1 1.00
39.3663000 1.0
S 1 1.00
27.9875000 1.0
S 1 1.00
14.3426000 1.0
S 1 1.00
3.6128000 1.0
S 1 1.00
1.8452000 1.0
S 1 1.00
0.6875000 1.0
S 1 1.00
0.3001000 1.0
S 1 1.00
0.0539000 1.0
S 1 1.00
0.0224000 1.0
P 6 1.00
3990.1950000 0.000033
1108.0621000 0.000205
385.8132000 0.000983
134.9763000 0.003882
28.6199000 0.064056
20.3175000 -0.022684
P 1 1.00
14.3899000 1.0
P 1 1.00
5.3093000 1.0
P 1 1.00
2.6908000 1.0
P 1 1.00
1.2202000 1.0
P 1 1.00
0.5726000 1.0
P 1 1.00
0.2467000 1.0
P 1 1.00
0.0800000 1.0
D 6 1.00
398.0154000 0.000433
115.5466000 0.003852
41.8937000 0.017324
20.7743000 0.005743
7.5304000 0.259983
4.0454000 0.431478
D 1 1.00
2.1012000 1.0
D 1 1.00
1.0105000 1.0
D 1 1.00
0.3475000 1.0
D 1 1.00
0.1083000 1.0
F 5 1.00
127.1863000 0.003050
45.9396000 0.031145
20.6234000 0.113624
9.3855000 0.240128
4.2790000 0.347652
F 1 1.00
1.8883000 1.0
F 1 1.00
0.7748000 1.0
F 1 1.00
0.2776000 1.0
G 4 1.00
20.6234000 0.016405
9.3855000 0.067551
4.2790000 0.145472
1.8883000 0.353223
G 1 1.00
0.7748000 1.0
G 1 1.00
0.2776000 1.0
****

Eu 0
S 5 1.00
70059.4200000 0.000097
10776.2350000 0.000707
2482.4901000 0.003362
702.1526000 0.010206
216.7926000 0.016597
S 1 1.00
41.4950000 1.0
S 1 1.00
29.4969000 1.0
S 1 1.00
15.0309000 1.0
S 1 1.00
3.7772000 1.0
S 1 1.00
1.9219000 1.0
S 1 1.00
0.7131000 1.0
S 1 1.00
0.3097000 1.0
S 1 1.00
0.0549000 1.0
S 1 1.00
0.0227000 1.0
P 6 1.00
4058.0207000 0.000048
1023.3259000 0.000357
339.3852000 0.001687
122.3485000 0.005693
29.0558000 0.072398
20.6269000 -0.046807
P 1 1.00
14.6179000 1.0
P 1 1.00
5.4444000 1.0
P 1 1.00
2.7414000 1.0
P 1 1.00
1.2283000 1.0
P 1 1.00
0.5769000 1.0
P 1 1.00
0.2489000 1.0
P 1 1.00
0.0800000 1.0
D 6 1.00
389.0841000 0.000534
117.7602000 0.004258
44.9869000 0.017160
22.8599000 0.012427
7.8331000 0.270416
4.1134000 0.445272
D 1 1.00
2.0999000 1.0
D 1 1.00
1.0043000 1.0
D 1 1.00
0.3422000 1.0
D 1 1.00
0.1051000 1.0
F 5 1.00
128.2341000 0.003424
46.2685000 0.034313
20.7366000 0.123194
9.4479000 0.251824
4.3149000 0.351292
F 1 1.00
1.9121000 1.0
F 1 1.00
0.7897000 1.0
F 1 1.00
0.2859000 1.0
G 4 1.00
20.7366000 0.026516
9.4479000 0.099066
4.3149000 0.213378
1.9121000 0.453713
G 1 1.00
0.7897000 1.0
G 1 1.00
0.2859000 1.0
****

Gd 0
S 5 1.00
70672.9820000 0.000135
10580.4200000 0.001006
2467.2196000 0.004605
710.3055000 0.013577
223.6934000 0.020915
S 1 1.00
42.8845000 1.0
S 1 1.00
30.5952000 1.0
S 1 1.00
15.7923000 1.0
S 1 1.00
3.9598000 1.0
S 1 1.00
2.0077000 1.0
S 1 1.00
0.7494000 1.0
S 1 1.00
0.3241000 1.0
S 1 1.00
0.0578000 1.0
S 1 1.00
0.0237000 1.0
P 6 1.00
4319.8879000 0.000058
1015.3970000 0.000493
323.7258000 0.002388
116.2394000 0.007504
29.2018000 0.081145
20.8353000 -0.066154
P 1 1.00
14.8568000 1.0
P 1 1.00
5.5541000 1.0
P 1 1.00
2.7918000 1.0
P 1 1.00
1.2482000 1.0
P 1 1.00
0.5843000 1.0
P 1 1.00
0.2512000 1.0
P 1 1.00
0.0800000 1.0
D 6 1.00
406.0994000 0.000655
122.4205000 0.005341
46.3679000 0.022180
20.7289000 0.029630
7.9773000 0.288270
4.1175000 0.449678
D 1 1.00
2.0783000 1.0
D 1 1.00
0.9888000 1.0
D 1 1.00
0.3389000 1.0
D 1 1.00
0.1037000 1.0
F 5 1.00
128.7052000 0.003970
46.5647000 0.038735
20.8882000 0.133958
9.5233000 0.262835
4.3476000 0.353911
F 1 1.00
1.9241000 1.0
F 1 1.00
0.7926000 1.0
F 1 1.00
0.2855000 1.0
G 4 1.00
20.8882000 0.027073
9.5233000 0.094174
4.3476000 0.205201
1.9241000 0.403979
G 1 1.00
0.7926000 1.0
G 1 1.00
0.2855000 1.0
****

Tb 0
S 5 1.00
72672.9820000 0.000145
10989.4670000 0.001081
2527.1175000 0.005061
721.0102000 0.014727
226.9182000 0.022029
S 1 1.00
46.0846000 1.0
S 1 1.00
30.5157000 1.0
S 1 1.00
15.7632000 1.0
S 1 1.00
4.0394000 1.0
S 1 1.00
2.0660000 1.0
S 1 1.00
0.7496000 1.0
S 1 1.00
0.3239000 1.0
S 1 1.00
0.0561000 1.0
S 1 1.00
0.0231000 1.0
P 6 1.00
4392.6675000 0.000070
1041.2891000 0.000586
334.5007000 0.002788
120.9811000 0.008710
32.2707000 0.065942
22.8378000 -0.022287
P 1 1.00
16.2183000 1.0
P 1 1.00
5.7987000 1.0
P 1 1.00
2.8898000 1.0
P 1 1.00
1.2536000 1.0
P 1 1.00
0.5914000 1.0
P 1 1.00
0.2560000 1.0
P 1 1.00
0.0800000 1.0
D 6 1.00
410.8307000 0.000849
123.8355000 0.006937
47.0131000 0.028533
20.2989000 0.050342
8.0138000 0.301633
4.0855000 0.448178
D 1 1.00
2.0516000 1.0
D 1 1.00
0.9838000 1.0
D 1 1.00
0.3420000 1.0
D 1 1.00
0.1058000 1.0
F 5 1.00
128.9666000 0.004588
46.7861000 0.043563
21.0021000 0.144880
9.5773000 0.272430
4.3716000 0.353652
F 1 1.00
1.9343000 1.0
F 1 1.00
0.7960000 1.0
F 1 1.00
0.2866000 1.0
G 4 1.00
21.0021000 0.033082
9.5773000 0.107475
4.3716000 0.232278
1.9343000 0.423897
G 1 1.00
0.7960000 1.0
G 1 1.00
0.2866000 1.0
****

Dy 0
S 5 1.00
78529.7430000 0.000138
11854.6990000 0.001033
2719.9807000 0.004861
772.4036000 0.014340
242.0320000 0.021620
S 1 1.00
48.3562000 1.0
S 1 1.00
31.8806000 1.0
S 1 1.00
16.8609000 1.0
S 1 1.00
4.2155000 1.0
S 1 1.00
2.1287000 1.0
S 1 1.00
0.7889000 1.0
S 1 1.00
0.3383000 1.0
S 1 1.00
0.0581000 1.0
S 1 1.00
0.0238000 1.0
P 6 1.00
4069.1626000 0.000119
962.2598000 0.000987
308.6009000 0.004608
112.4099000 0.013362
32.2707000 0.076444
22.8378000 -0.039861
P 1 1.00
16.3088000 1.0
P 1 1.00
5.8807000 1.0
P 1 1.00
2.9213000 1.0
P 1 1.00
1.2585000 1.0
P 1 1.00
0.5926000 1.0
P 1 1.00
0.2569000 1.0
P 1 1.00
0.0800000 1.0
D 6 1.00
409.8032000 0.001046
123.7104000 0.008448
47.0976000 0.033945
20.1202000 0.063313
8.1571000 0.310542
4.1474000 0.443276
D 1 1.00
2.0825000 1.0
D 1 1.00
0.9998000 1.0
D 1 1.00
0.3202000 1.0
D 1 1.00
0.0913000 1.0
F 5 1.00
129.6274000 0.005252
47.1727000 0.048490
21.1586000 0.154752
9.6381000 0.281170
4.3953000 0.353828
F 1 1.00
1.9426000 1.0
F 1 1.00
0.7980000 1.0
F 1 1.00
0.2866000 1.0
G 4 1.00
21.1586000 0.040920
9.6381000 0.125497
4.3953000 0.268397
1.9426000 0.451595
G 1 1.00
0.7980000 1.0
G 1 1.00
0.2866000 1.0
****

Ho 0
S 5 1.00
86373.9550000 0.000078
13014.2000000 0.000588
2974.2417000 0.002801
840.7710000 0.008364
258.1223000 0.013419
S 1 1.00
49.7648000 1.0
S 1 1.00
35.5463000 1.0
S 1 1.00
18.1290000 1.0
S 1 1.00
4.4456000 1.0
S 1 1.00
2.2170000 1.0
S 1 1.00
0.8329000 1.0
S 1 1.00
0.3544000 1.0
S 1 1.00
0.0597000 1.0
S 1 1.00
0.0244 1.0
P 6 1.00
4325.3814000 0.000141
1002.3283000 0.001220
312.0385000 0.006051
110.7381000 0.017343
32.1423000 0.089498
20.4345000 -0.138263
P 1 1.00
14.4416000 1.0
P 1 1.00
6.0350000 1.0
P 1 1.00
3.0020000 1.0
P 1 1.00
1.3324000 1.0
P 1 1.00
0.6127000 1.0
P 1 1.00
0.2627000 1.0
P 1 1.00
0.0800000 1.0
D 6 1.00
454.4404000 0.001065
137.4123000 0.008754
52.6936000 0.035896
22.6037000 0.076848
8.7808000 0.292273
4.3752000 0.457092
D 1 1.00
2.1022000 1.0
D 1 1.00
0.9073000 1.0
D 1 1.00
0.3172000 1.0
D 1 1.00
0.0975000 1.0
F 5 1.00
136.4678000 0.005230
49.5692000 0.048449
22.2471000 0.156208
10.1359000 0.282384
4.6186000 0.353881
F 1 1.00
2.0375000 1.0
F 1 1.00
0.8343000 1.0
F 1 1.00
0.2979000 1.0
G 4 1.00
22.2471000 0.046114
10.1359000 0.140794
4.6186000 0.301521
2.0375000 0.479870
G 1 1.00
0.8343000 1.0
G 1 1.00
0.2979000 1.0
****

Er 0
S 5 1.00
89904.8350000 0.000063
13532.8740000 0.000473
3087.3042000 0.002254
870.1876000 0.006706
263.4262000 0.010882
S 1 1.00
52.4141000 1.0
S 1 1.00
37.4387000 1.0
S 1 1.00
18.9300000 1.0
S 1 1.00
4.6293000 1.0
S 1 1.00
2.3028000 1.0
S 1 1.00
0.8646000 1.0
S 1 1.00
0.3661000 1.0
S 1 1.00
0.0605000 1.0
S 1 1.00
0.0247000 1.0
P 6 1.00
3801.9737000 0.000201
896.7217000 0.001642
286.4247000 0.007482
104.4943000 0.019303
31.1565000 0.108275
20.3323000 -0.208370
P 1 1.00
14.4517000 1.0
P 1 1.00
6.0524000 1.0
P 1 1.00
3.0043000 1.0
P 1 1.00
1.3278000 1.0
P 1 1.00
0.6093000 1.0
P 1 1.00
0.2629000 1.0
P 1 1.00
0.0800000 1.0
D 6 1.00
456.0008000 0.001418
138.1523000 0.011586
53.2044000 0.046849
22.6815000 0.104083
8.9971000 0.288434
4.4298000 0.449833
D 1 1.00
2.1154000 1.0
D 1 1.00
0.9092000 1.0
D 1 1.00
0.3110000 1.0
D 1 1.00
0.0933000 1.0
F 5 1.00
137.9575000 0.005218
49.6732000 0.048047
22.2754000 0.163634
10.2123000 0.289483
4.6589000 0.353742
F 1 1.00
2.0551000 1.0
F 1 1.00
0.8406000 1.0
F 1 1.00
0.2996000 1.0
G 4 1.00
22.2754000 0.051564
10.2123000 0.150949
4.6589000 0.317504
2.0551000 0.466844
G 1 1.00
0.8406000 1.0
G 1 1.00
0.2996000 1.0
****

Tm 0
S 5 1.00
91965.7410000 0.000056
13821.7180000 0.000420
3143.9393000 0.002010
882.0348000 0.005931
261.8382000 0.009671
S 1 1.00
55.3108000 1.0
S 1 1.00
39.5077000 1.0
S 1 1.00
19.6251000 1.0
S 1 1.00
4.8195000 1.0
S 1 1.00
2.3954000 1.0
S 1 1.00
0.8926000 1.0
S 1 1.00
0.3765000 1.0
S 1 1.00
0.0615000 1.0
S 1 1.00
0.0250000 1.0
P 6 1.00
3687.3299000 0.000282
875.1093000 0.002256
282.4068000 0.009962
104.3190000 0.024776
32.9474000 0.098164
20.0536000 -0.195278
P 1 1.00
14.3240000 1.0
P 1 1.00
6.1425000 1.0
P 1 1.00
3.0429000 1.0
P 1 1.00
1.3438000 1.0
P 1 1.00
0.6140000 1.0
P 1 1.00
0.2649000 1.0
P 1 1.00
0.0800000 1.0
D 6 1.00
462.7563000 0.001590
140.2688000 0.012892
54.0389000 0.051416
22.9937000 0.112703
9.1744000 0.294791
4.4985000 0.446368
D 1 1.00
2.1434000 1.0
D 1 1.00
0.9195000 1.0
D 1 1.00
0.3131000 1.0
D 1 1.00
0.0934000 1.0
F 5 1.00
139.4592000 0.005980
50.4688000 0.053736
22.6469000 0.172387
10.3467000 0.295552
4.7136000 0.352438
F 1 1.00
2.0773000 1.0
F 1 1.00
0.8490000 1.0
F 1 1.00
0.3023000 1.0
G 4 1.00
22.6469000 0.059965
10.3467000 0.168244
4.7136000 0.342947
2.0773000 0.468991
G 1 1.00
0.8490000 1.0
G 1 1.00
0.3023000 1.0
****

Yb 0
S 5 1.00
91972.9030000 0.000051
13787.3710000 0.000386
3123.6135000 0.001844
871.4754000 0.005356
250.4630000 0.008859
S 1 1.00
58.2827000 1.0
S 1 1.00
41.6305000 1.0
S 1 1.00
20.2164000 1.0
S 1 1.00
4.9972000 1.0
S 1 1.00
2.4822000 1.0
S 1 1.00
0.9179000 1.0
S 1 1.00
0.3853000 1.0
S 1 1.00
0.0614000 1.0
S 1 1.00
0.0250000 1.0
P 6 1.00
3731.9621000 0.000332
888.0224000 0.002630
287.9351000 0.011444
107.1471000 0.027785
35.3252000 0.088928
19.8028000 -0.202492
P 1 1.00
14.1449000 1.0
P 1 1.00
6.2844000 1.0
P 1 1.00
3.1145000 1.0
P 1 1.00
1.3827000 1.0
P 1 1.00
0.6273000 1.0
P 1 1.00
0.2703000 1.0
P 1 1.00
0.0800000 1.0
D 6 1.00
469.7606000 0.001984
142.6128000 0.016013
55.1267000 0.063153
23.4415000 0.137800
9.4951000 0.285498
4.5792000 0.438309
D 1 1.00
2.1646000 1.0
D 1 1.00
0.9238000 1.0
D 1 1.00
0.3107000 1.0
D 1 1.00
0.0914000 1.0
F 5 1.00
142.0293000 0.005957
51.0862000 0.053180
22.8741000 0.178076
10.5025000 0.300600
4.7872000 0.350342
F 1 1.00
2.1088000 1.0
F 1 1.00
0.8609000 1.0
F 1 1.00
0.3060000 1.0
G 4 1.00
22.8741000 0.064283
10.5025000 0.174006
4.7872000 0.343478
2.1088000 0.430801
G 1 1.00
0.8609000 1.0
G 1 1.00
0.3060000 1.0
****

Lu 0
S 5 1.00
95169.7670000 0.000022
15488.4030000 0.000145
3776.2335000 0.000651
1079.0501000 0.002038
268.9538000 0.005127
S 1 1.00
63.4679000 1.0
S 1 1.00
45.1332000 1.0
S 1 1.00
21.4568000 1.0
S 1 1.00
5.3483000 1.0
S 1 1.00
2.6778000 1.0
S 1 1.00
1.0287000 1.0
S 1 1.00
0.4408000 1.0
S 1 1.00
0.0791000 1.0
S 1 1.00
0.0313000 1.0
P 6 1.00
4043.9748000 0.000294
958.8771000 0.002353
309.1220000 0.010441
114.2203000 0.025828
37.1091000 0.085047
20.4579000 -0.200371
P 1 1.00
14.5932000 1.0
P 1 1.00
6.527500 1.0
P 1 1.00
3.2448000 1.0
P 1 1.00
1.4504000 1.0
P 1 1.00
0.6635000 1.0
P 1 1.00
0.2858000 1.0
P 1 1.00
0.080000 1.0
D 6 1.00
484.5275000 0.002286
146.6655000 0.018629
56.3779000 0.074088
23.6711000 0.161554
9.4401000 0.308091
4.3712000 0.448334
D 1 1.00
1.9580000 1.0
D 1 1.00
0.7272000 1.0
D 1 1.00
0.2460000 1.0
D 1 1.00
0.0744000 1.0
F 5 1.00
175.1559000 0.004102
62.8909000 0.039086
28.3624000 0.147044
13.2478000 0.271092
6.1440000 0.345665
F 1 1.00
2.7623000 1.0
F 1 1.00
1.1574000 1.0
F 1 1.00
0.4244000 1.0
G 4 1.00
28.3624000 0.047905
13.2478000 0.150128
6.1440000 0.322911
2.7623000 0.444494
G 1 1.00
1.1574000 1.0
G 1 1.00
0.4244000 1.0
****

F 0
S 3 1.00
51.6427630 0.0085660
9.4142770 -0.1530090
1.2141230 0.5898350
S 1 1.00
0.3700810 1.0
P 3 1.00
22.3008300 0.0518510
4.9545730 0.2372870
1.3423110 0.5076660
P 1 1.00
0.3465300 1.0
P 1 1.00
0.0847720 1.0
****

Cl 0
S 3 1.00
14.0730760 0.0203450
2.3315650 -0.2892230
0.5071000 0.6303670
S 1 1.00
0.1824330 1.0
P 3 1.00
3.3531290 -0.0415520
0.7856860 0.3997480
0.2674540 0.5918290
P 1 1.00
0.0782750 1.0
P 1 1.00
0.0154770 1.0
****

Br 0
S 14 1.00
0.090127 0.089784
0.191929 0.455364
0.398862 0.590834
0.952840 0.288597
762.006679 0.000052
376.636590 -0.000023
186.159944 0.000149
92.013166 0.000142
45.479293 0.000182
22.479023 0.001449
11.110693 -0.011833
5.491676 0.111900
2.714367 -0.256156
1.341629 -0.400791
S 1 1.00
0.191929 1.0
S 1 1.00
0.952840 1.0
S 1 1.00
0.080821 1.0
P 10 1.00
0.064174 0.090615
0.144209 0.343345
0.313107 0.448290
0.665617 0.283156
77.064689 0.000012
33.190076 0.000178
14.294240 -0.000862
6.156217 0.016535
2.651348 -0.117321
1.141878 -0.012985
P 1 1.00
0.144209 1.0
P 1 1.00
0.665617 1.0
P 1 1.00
0.051052 1.0
D 1 1.00
0.601386 1.0
D 1 1.00
0.252366 1.0
D 1 1.00
0.096735 1.0
F 1 1.00
0.581258 1.0
F 1 1.00
0.259289 1.0
****

I 0
S 14 1.00
0.077597 0.122005
0.165620 0.552642
0.340519 0.591963
0.685837 0.032075
208.363416 0.000017
117.873412 0.000043
66.682249 -0.000220
37.722861 0.000886
21.340226 -0.002940
12.072394 0.013153
6.829482 -0.073786
3.863511 0.272553
2.185630 -0.249655
1.236434 -0.428759
S 1 1.00
0.165620 1.0
S 1 1.00
0.685837 1.0
S 1 1.00
0.065739 1.0
P 10 1.00
0.049678 0.074409
0.105987 0.324422
0.218366 0.461723
0.437398 0.309633
9.538609 0.001914
5.955468 -0.021381
3.718319 0.094232
2.321547 -0.099531
1.449467 -0.145710
0.904980 -0.000173
P 1 1.00
0.105987 1.0
P 1 1.00
0.437398 1.0
P 1 1.00
0.041835 1.0
D 3 1.00
1.079694 -0.120557
0.448851 0.558348
0.186597 0.582966
D 1 1.00
0.186597 1.0
D 1 1.00
0.073831 1.0
F 1 1.00
0.429319 1.0
F 1 1.00
0.193973 1.0
****



