La 0
ECP46MWB 4 46
G-Komponente
1
2 1.000000 0.000000
S-G
2
2 3.309900 91.932177
2 1.655000 -3.788764
P-G
2
2 2.836800 63.759486
2 1.418400 -0.647958
D-G
2
2 2.021300 36.116173
2 1.010700 0.219114
F-G
1
2 4.028600 -36.010016

Ce 0
ECP47MWB 4 47
G-Komponente
1
2 1.000000 0.000000
S-G
2
2 3.522200 95.842155
2 1.761100 -3.775040
P-G
2
2 3.017700 68.092779
2 1.508900 -0.966756
D-G
2
2 2.144300 36.381848
2 1.072200 0.190447
F-G
1
2 4.278500 -40.585328

Pr 0
ECP48MWB 4 48
G-Komponente
1
2 1.000000 0.000000
S-G
2
2 3.743700 102.244372
2 1.871900 -4.298146
P-G
2
2 3.206600 71.807871
2 1.603300 -1.070291
D-G
2
2 2.272000 37.407043
2 1.136600 0.059971
F-G
1
2 4.600000 -46.078536

Nd 0
ECP49MWB 4 49
G-Komponente
1
2 1.000000 0.000000
S-G
2
2 3.975500 110.314639
2 1.987800 -5.078210
P-G
2
2 3.404500 75.868939
2 1.702300 -1.172553
D-G
2
2 2.404400 38.271906
2 1.202200 -0.026339
F-G
1
2 4.920600 -51.581518

Pm 0
ECP50MWB 4 50
G-Komponente
1
2 1.000000 0.000000
S-G
2
2 4.218400 117.358370
2 2.109200 -5.509273
P-G
2
2 3.611800 80.979260
2 1.805900 -1.450760
D-G
2
2 2.543500 39.096573
2 1.271800 -0.067584
F-G
1
2 5.241700 -57.138239

Sm 0
ECP51MWB 4 51
G-Komponente
1
2 1.000000 0.000000
S-G
2
2 4.473500 125.808087
2 2.236800 -6.169188
P-G
2
2 3.829400 86.294826
2 1.914700 -1.686917
D-G
2
2 2.688200 40.149862
2 1.344100 -0.140083
F-G
1
2 5.562700 -62.736825

Eu 0
ECP52MWB 4 52
G-Komponente
1
2 1.000000 0.000000
S-G
2
2 4.742100 125.972804
2 2.371100 -5.265472
P-G
2
2 4.059200 86.395920
2 2.029600 -1.042461
D-G
2
2 2.840700 40.156495
2 1.420400 -0.099115
F-G
1
2 5.883800 -68.468426

Gd 0
ECP53MWB 4 53
G-Komponente
1
2 1.000000 0.000000
S-G
2
2 5.026000 139.601619
2 2.513000 -6.879694
P-G
2
2 4.302200 79.873824
2 2.151100 0.938419
D-G
2
2 3.001100 32.709729
2 1.505500 1.241952
F-G
1
2 6.204900 -74.248790

Tb 0
ECP54MWB 4 54
G-Komponente
1
2 1.000000 0.000000
S-G
2
2 5.326000 139.661156
2 2.663000 -5.767915
P-G
2
2 4.559800 79.049864
2 2.279900 1.864568
D-G
2
2 3.170700 35.140886
2 1.585400 0.879040
F-G
1
2 6.525900 -80.073275

Dy 0
ECP55MWB 4 55
G-Komponente
1
2 1.000000 0.000000
S-G
2
2 5.645000 139.869617
2 2.822500 -4.609163
P-G
2
2 4.833700 79.192669
2 2.416900 2.716029
D-G
2
2 3.350600 35.156964
2 1.675300 0.961701
F-G
1
2 6.847000 -85.930099

Ho 0
ECP56MWB 4 56
G-Komponente
1
2 1.000000 0.000000
S-G
2
2 5.985100 140.021658
2 2.992500 -3.321543
P-G
2
2 5.126200 78.571698
2 2.563100 3.792278
D-G
2
2 3.541700 37.419462
2 1.770800 0.655290
F-G
1
2 7.168000 -91.830613

Er 0
ECP57MWB 4 57
G-Komponente
1
2 1.000000 0.000000
S-G
2
2 6.349900 140.180496
2 3.175000 -1.892132
P-G
2
2 5.440200 77.420855
2 2.720100 5.075405
D-G
2
2 3.746700 41.554697
2 1.873300 0.040595
F-G
1
2 7.489100 -97.773598

Tm 0
ECP58MWB 4 58
G-Komponente
1
2 1.000000 0.000000
S-G
2
2 6.742200 140.826395
2 3.871100 -0.486662
P-G
2
2 5.779500 78.871092
2 2.889700 6.026297
D-G
2
2 3.965800 38.219360
2 1.982900 0.743298
F-G
1
2 7.810100 -103.731072

Yb 0
ECP59MWB 4 59
G-Komponente
1
2 1.000000 0.000000
S-G
2
2 7.167400 140.926118
2 3.583700 1.454935
P-G
2
2 6.146000 76.745228
2 3.073000 7.766207
D-G
2
2 4.203000 46.067636
2 2.101500 -0.482389
F-G
1
2 8.131200 -109.747695

Lu 0
ECP60MWB 4 60
G-Komponente
1
2 1.000000 0.000000
S-G
2
2 7.631500 141.300211
2 3.815700 3.493950
P-G
2
2 6.546300 76.059248
2 3.273100 9.440662
D-G
2
2 4.459700 49.091473
2 2.229800 -0.846410
F-G
1
2 1.603000 8.722955


